Quicksort

.python 
--------------------------------------------------------------------------------
  n       time(ms)         total(B)   useful-heap(B) extra-heap(B)    stacks(B)
--------------------------------------------------------------------------------
 47            787        1,426,664        1,420,101         6,563            0
99.54% (1,420,101B)

.cpp
--------------------------------------------------------------------------------
  n       time(ms)         total(B)   useful-heap(B) extra-heap(B)    stacks(B)
--------------------------------------------------------------------------------
  2            411           72,712           72,704             8            0
99.99% (72,704B)

.java 
 87          4,090       20,152,936       20,083,305        69,631            0
99.65% (20,083,305B)

----------------------------------------------------------------------------------------------------------------------------------------------------------------
Bubble

.python 
--------------------------------------------------------------------------------
  n       time(ms)         total(B)   useful-heap(B) extra-heap(B)    stacks(B)
--------------------------------------------------------------------------------
 46            775        1,423,736        1,417,189         6,547            0
99.54% (1,417,189B)

.cpp

  3            411           73,744           73,728            16            0
99.98% (73,728B)

.java 

 60          2,316       20,064,992       19,996,861        68,131            0
99.66% (19,996,861B) 

----------------------------------------------------------------------------------------------------------------------------------------------------------------
Merge

.python 
 60            801        1,425,816        1,419,301         6,515            0
99.54% (1,419,301B)

.cpp(print)
  2            294            1,032            1,024             8            0
99.22% (1,024B) 

.java 
 63          2,305       20,065,008       19,996,856        68,152            0
99.66% (19,996,856B)

----------------------------------------------------------------------------------------------------------------------------------------------------------------
BFS 
.python 

 69            958          851,336          842,867         8,469            0
99.01% (842,867B) 

.cpp

 23            389           74,672           74,343           329            0
99.56% (74,343B) 

.java 

 73          3,206       20,777,176       20,703,060        74,116            0
99.64% (20,703,060B)

----------------------------------------------------------------------------------------------------------------------------------------------------------------
DFS

.python 

 43            923          851,336          842,867         8,469            0
99.01% (842,867B) 

.cpp

 11            394           74,128           73,980           148            0
99.80% (73,980B)

.java 

 92          3,230       20,728,376       20,652,940        75,436            0
99.64% (20,652,940B) 

----------------------------------------------------------------------------------------------------------------------------------------------------------------
Dijktras 

.python 

 54            777        1,024,552        1,018,501         6,051            0
99.41% (1,018,501B)

.cpp(print)

  2            289            1,032            1,024             8            0
99.22% (1,024B)

.java 

 48          2,513       20,075,328       20,007,076        68,252            0
99.66% (20,007,076B)

----------------------------------------------------------------------------------------------------------------------------------------------------------------

OBST 

.python 

  3            767          962,504          956,685         5,819            0
99.40% (956,685B) 

.cpp

  3            563           73,744           73,728            16            0
99.98% (73,728B) 

.java 

 85          5,154       21,746,080       21,670,521        75,559            0
99.65% (21,670,521B)

----------------------------------------------------------------------------------------------------------------------------------------------------------------
Prims 

.python 

 50            776        1,024,552        1,018,501         6,051            0
99.41% (1,018,501B)

.cpp
  3            391           73,744           73,728            16            0
99.98% (73,728B)

.java 

 47          2,304       20,065,104       19,996,828        68,276            0
99.66% (19,996,828B)


----------------------------------------------------------------------------------------------------------------------------------------------------------------
mColoring 

.python 

  8            843          993,696          987,725         5,971            0
99.40% (987,725B)

.cpp

  2            314            1,032            1,024             8            0
99.22% (1,024B) 

.java 

 86          4,253       20,733,064       20,657,463        75,601            0
99.64% (20,657,463B)\



----------------------------------------------------------------------------------------------------------------------------------------------------------------
nQueens 
.python 

 12            765          959,992          954,176         5,816            0
99.39% (954,176B) 

.cpp

  3            478           73,744           73,728            16            0
99.98% (73,728B)

.java 

 73          7,482       40,739,200       40,648,284        90,916            0
99.78% (40,648,284B)


----------------------------------------------------------------------------------------------------------------------------------------------------------------
Knapsack 

.python 

 43            764          964,744          958,925         5,819            0
99.40% (958,925B) 

.cpp

  3            394           73,744           73,728            16            0
99.98% (73,728B)

.java 

 49          2,343       20,065,408       19,997,202        68,206            0
99.66% (19,997,202B) 


































